2 2
-0.185106 0.342896 0 0
-0.136999 0.467074 0 0
-0.127929 0.197436 0 0
-0.0116362 0.54012 0 0
-0.00188964 0.342939 0 0
-0.00170068 0.13595 0 0
0.142857 0.466667 0 0
0.14232 0.207172 0 0
0.191192 0.342125 0 0
0.278061 0.500458 0 1
0.306689 0.355108 0 1
0.316327 0.002442 1 1
0.334656 0.64652 0 1
0.355102 0.12674 1 1
0.37415 -0.132639 1 1
0.431784 0.500611 0 1
0.441232 0.791616 0 1
0.460695 0.345136 0 1
0.498747 0.211105 1 1
0.5 0.002442 1 1
0.49983 -0.194322 1 1
0.547019 0.885154 0 1
0.566416 0.646424 0 1
0.60068 0.415385 0 1
0.634165 -0.131665 1 1
0.644558 0.137363 1 1
0.662698 0.957875 0 1
0.692517 0.0021978 1 1
0.7116 0.791209 0 1
0.720888 0.521439 0 1
0.817602 0.645604 0 1
0.845686 0.958357 0 1
0.866497 0.749542 0 1
