9 9
// duplicates are commented out
// when he goes for the corner, go for the center
0.5 0.5 0.5 0.5 0.5 0.5 1.0 0.5 0.5   0.5 0.5 0.5 0.5 0.0 0.5 1.0 0.5 0.5
0.5 0.5 0.5 0.5 0.5 0.5 0.5 0.5 1.0   0.5 0.5 0.5 0.5 0.0 0.5 0.5 0.5 1.0
1.0 0.5 0.5 0.5 0.5 0.5 0.5 0.5 0.5   1.0 0.5 0.5 0.5 0.0 0.5 0.5 0.5 0.5
0.5 0.5 1.0 0.5 0.5 0.5 0.5 0.5 0.5   0.5 0.5 1.0 0.5 0.0 0.5 0.5 0.5 0.5
// when he goes for the side, go for the center
0.5 1.0 0.5 0.5 0.5 0.5 0.5 0.5 0.5   0.5 1.0 0.5 0.5 0.0 0.5 0.5 0.5 0.5
0.5 0.5 0.5 1.0 0.5 0.5 0.5 0.5 0.5   0.5 0.5 0.5 1.0 0.0 0.5 0.5 0.5 0.5
0.5 0.5 0.5 0.5 0.5 1.0 0.5 0.5 0.5   0.5 0.5 0.5 0.5 0.0 1.0 0.5 0.5 0.5
0.5 0.5 0.5 0.5 0.5 0.5 0.5 1.0 0.5   0.5 0.5 0.5 0.5 0.0 0.5 0.5 1.0 0.5
// when he is about to get 3, block
0.5 0.5 0.5 0.5 0.5 1.0 0.5 0.0 1.0   0.5 0.5 0.0 0.5 0.5 1.0 0.5 0.0 1.0
0.5 0.5 0.5 0.5 0.5 1.0 0.0 0.5 1.0   0.5 0.5 0.0 0.5 0.5 1.0 0.0 0.5 1.0
0.5 0.5 0.5 0.5 0.5 0.0 1.0 0.5 1.0   0.5 0.5 0.5 0.5 0.5 0.0 1.0 0.0 1.0
0.5 0.5 0.5 0.5 0.5 0.0 1.0 1.0 0.5   0.5 0.5 0.5 0.5 0.5 0.0 1.0 1.0 0.0
0.5 0.5 0.5 0.5 1.0 0.5 0.5 1.0 0.0   0.5 0.0 0.5 0.5 1.0 0.5 0.5 1.0 0.0
0.5 0.5 0.5 0.5 1.0 0.5 0.5 0.0 1.0   0.0 0.5 0.5 0.5 1.0 0.5 0.5 0.0 1.0
0.5 0.5 0.5 0.5 1.0 0.5 1.0 0.5 0.0   0.5 0.5 0.0 0.5 1.0 0.5 1.0 0.5 0.0
0.5 0.5 0.5 0.5 1.0 1.0 0.0 0.5 0.5   0.5 0.5 0.5 0.0 1.0 1.0 0.0 0.5 0.5
0.5 0.5 0.5 0.5 0.0 0.5 1.0 0.5 1.0   0.5 0.5 0.5 0.5 0.0 0.5 1.0 0.0 1.0
0.5 0.5 1.0 0.5 0.0 0.5 0.0 1.0 1.0   0.5 0.5 1.0 0.5 0.0 0.0 0.0 1.0 1.0
0.5 0.5 1.0 0.5 0.0 1.0 0.0 1.0 0.5   0.5 0.5 1.0 0.5 0.0 1.0 0.0 1.0 0.0
0.5 0.5 1.0 1.0 0.0 0.5 0.0 0.5 1.0   0.5 0.5 1.0 1.0 0.0 0.0 0.0 0.5 1.0
0.5 0.5 1.0 1.0 0.0 1.0 0.0 0.5 0.5   0.5 0.5 1.0 1.0 0.0 1.0 0.0 0.5 0.0
0.5 0.5 1.0 1.0 0.0 0.0 1.0 0.5 0.5   0.0 0.5 1.0 1.0 0.0 0.0 1.0 0.5 0.5
0.5 0.5 0.0 0.5 1.0 0.5 0.0 1.0 1.0   0.0 0.5 0.0 0.5 1.0 0.5 0.0 1.0 1.0
1.0 0.5 1.0 1.0 0.0 0.0 0.0 0.5 1.0   1.0 0.0 1.0 1.0 0.0 0.0 0.0 0.5 1.0
1.0 0.5 1.0 0.5 0.0 1.0 0.0 1.0 0.0   1.0 0.0 1.0 0.5 0.0 1.0 0.0 1.0 0.0
0.5 1.0 0.0 0.0 0.0 1.0 1.0 0.5 1.0   0.5 1.0 0.0 0.0 0.0 1.0 1.0 0.0 1.0
0.5 1.0 0.0 1.0 1.0 0.5 0.0 0.0 1.0   0.5 1.0 0.0 1.0 1.0 0.0 0.0 0.0 1.0
0.5 1.0 1.0 1.0 0.0 0.0 0.0 1.0 0.5   0.0 1.0 1.0 1.0 0.0 0.0 0.0 1.0 0.5
0.5 1.0 1.0 1.0 0.0 0.0 1.0 0.0 0.5   0.0 1.0 1.0 1.0 0.0 0.0 1.0 0.0 0.5
0.5 1.0 0.5 1.0 0.0 0.0 1.0 0.0 1.0   0.0 1.0 0.5 1.0 0.0 0.0 1.0 0.0 1.0
0.5 0.5 0.0 1.0 0.0 0.5 1.0 0.5 1.0   0.0 0.5 0.0 1.0 0.0 0.5 1.0 0.5 1.0
// after 3 moves
0.5 0.5 1.0 0.5 0.0 0.5 1.0 0.5 0.5   0.5 0.5 1.0 0.5 0.0 0.5 1.0 0.0 0.5
// game started from the corner variations
// 1.0 0.5 0.5 0.5 0.5 0.5 0.5 0.5 0.5   1.0 0.5 0.5 0.5 0.0 0.5 0.5 0.5 0.5
1.0 1.0 0.5 0.5 0.0 0.5 0.5 0.5 0.5   1.0 1.0 0.0 0.5 0.0 0.5 0.5 0.5 0.5
1.0 1.0 0.0 1.0 0.0 0.5 0.5 0.5 0.5   1.0 1.0 0.0 1.0 0.0 0.5 0.0 0.5 0.5
1.0 1.0 0.0 0.5 0.0 1.0 0.5 0.5 0.5   1.0 1.0 0.0 0.5 0.0 1.0 0.0 0.5 0.5
1.0 1.0 0.0 0.5 0.0 0.5 1.0 0.5 0.5   1.0 1.0 0.0 0.0 0.0 0.5 1.0 0.5 0.5
1.0 1.0 0.0 0.5 0.0 0.5 0.5 1.0 0.5   1.0 1.0 0.0 0.5 0.0 0.5 0.0 1.0 0.5
1.0 1.0 0.0 0.5 0.0 0.5 0.5 0.5 1.0   1.0 1.0 0.0 0.5 0.0 0.5 0.0 0.5 1.0
1.0 1.0 0.0 0.0 0.0 0.5 1.0 1.0 0.5   1.0 1.0 0.0 0.0 0.0 0.0 1.0 1.0 0.5
1.0 1.0 0.0 0.0 0.0 0.5 1.0 0.5 1.0   1.0 1.0 0.0 0.0 0.0 0.0 1.0 0.5 1.0
1.0 0.5 1.0 0.5 0.0 0.5 0.5 0.5 0.5   1.0 0.0 1.0 0.5 0.0 0.5 0.5 0.5 0.5
1.0 0.0 1.0 1.0 0.0 0.5 0.5 0.5 0.5   1.0 0.0 1.0 1.0 0.0 0.5 0.5 0.0 0.5
1.0 0.0 1.0 0.5 0.0 1.0 0.5 0.5 0.5   1.0 0.0 1.0 0.5 0.0 1.0 0.5 0.0 0.5
1.0 0.0 1.0 0.5 0.0 0.5 1.0 0.5 0.5   1.0 0.0 1.0 0.5 0.0 0.5 1.0 0.0 0.5
1.0 0.0 1.0 0.5 0.0 0.5 0.5 1.0 0.5   1.0 0.0 1.0 0.0 0.0 0.5 0.5 1.0 0.5
1.0 0.0 1.0 0.5 0.0 0.5 0.5 0.5 1.0   1.0 0.0 1.0 0.5 0.0 0.5 0.5 0.0 1.0
1.0 0.0 1.0 0.0 0.0 0.5 1.0 1.0 0.5   1.0 0.0 1.0 0.0 0.0 0.0 1.0 1.0 0.5
1.0 0.0 1.0 0.0 0.0 0.5 0.5 1.0 1.0   1.0 0.0 1.0 0.0 0.0 0.0 0.5 1.0 1.0
1.0 0.5 0.5 1.0 0.0 0.5 0.5 0.5 0.5   1.0 0.5 0.5 1.0 0.0 0.5 0.0 0.5 0.5
1.0 1.0 0.5 1.0 0.0 0.5 0.0 0.5 0.5   1.0 1.0 0.0 1.0 0.0 0.5 0.0 0.5 0.5
1.0 0.5 1.0 1.0 0.0 0.5 0.0 0.5 0.5   1.0 0.0 1.0 1.0 0.0 0.5 0.0 0.5 0.5
1.0 0.5 0.5 1.0 0.0 1.0 0.0 0.5 0.5   1.0 0.5 0.0 1.0 0.0 1.0 0.0 0.5 0.5
1.0 0.5 0.5 1.0 0.0 0.5 0.0 1.0 0.5   1.0 0.5 0.0 1.0 0.0 0.5 0.0 1.0 0.5
1.0 0.5 0.5 1.0 0.0 0.5 0.0 0.5 1.0   1.0 0.5 0.0 1.0 0.0 0.5 0.0 0.5 1.0
1.0 0.0 1.0 1.0 0.0 1.0 0.0 0.5 0.5   1.0 0.0 1.0 1.0 0.0 1.0 0.0 0.0 0.5
1.0 0.0 1.0 1.0 0.0 0.5 0.0 0.5 1.0   1.0 0.0 1.0 1.0 0.0 0.5 0.0 0.0 1.0
1.0 0.5 0.5 0.5 0.0 1.0 0.5 0.5 0.5   1.0 0.5 0.5 0.5 0.0 1.0 0.5 0.0 0.5
1.0 0.5 0.5 0.5 0.0 0.5 1.0 0.5 0.5   1.0 0.5 0.5 0.0 0.0 0.5 1.0 0.5 0.5
1.0 0.5 0.5 0.5 0.0 0.5 0.5 1.0 0.5   1.0 0.5 0.5 0.5 0.0 0.0 0.5 1.0 0.5
1.0 0.5 0.5 0.5 0.0 0.5 0.5 0.5 1.0   1.0 0.0 0.5 0.5 0.0 0.5 0.5 0.5 1.0
// x starts in the center
0.5 0.5 0.5 0.5 1.0 0.5 0.5 0.5 0.5   0.5 0.5 0.0 0.5 1.0 0.5 0.5 0.5 0.5
0.0 0.5 1.0 0.5 1.0 0.5 0.5 0.5 0.5   0.0 0.5 1.0 0.5 1.0 0.5 0.0 0.5 0.5
0.0 0.5 1.0 1.0 1.0 0.5 0.0 0.5 0.5   0.0 0.5 1.0 1.0 1.0 0.0 0.0 0.5 0.5
0.0 1.0 1.0 1.0 1.0 0.0 0.0 0.5 0.5   0.0 1.0 1.0 1.0 1.0 0.0 0.0 0.0 0.5
//
// 0.5 0.5 0.5 0.5 0.5 0.5 0.5 0.5 1.0   0.5 0.5 0.5 0.5 0.0 0.5 0.5 0.5 1.0
// 1.0 0.5 0.5 0.5 0.0 0.5 0.5 0.5 1.0   1.0 0.0 0.5 0.5 0.0 0.5 0.5 0.5 1.0
1.0 0.0 0.5 0.5 0.0 0.5 0.5 1.0 1.0   1.0 0.0 0.5 0.5 0.0 0.5 0.0 1.0 1.0
1.0 0.0 1.0 0.5 0.0 0.5 0.0 1.0 1.0   1.0 0.0 1.0 0.5 0.0 0.0 0.0 1.0 1.0
